0 0.350000 1.070000 -90.000000 0.000000 0.037955 1.309319 0.000000 100.000000 
300 1.658376 1.020317 -90.000000 0.000000 0.000000 0.000000 0.000000 0.000000 
103 0.410000 0.970000 -90.000000 0.000000 0.040284 1.249390 0.950000 0.973857 
203 0.469999 1.070000 -90.000000 0.000000 0.041783 1.189415 0.950000 0.938055 
103 0.529999 0.970000 -90.000000 0.000000 0.044563 1.129498 0.950000 0.902303 
203 0.589999 1.070000 -90.000000 0.000000 0.046470 1.069532 0.950000 0.866509 
106 0.629998 0.950000 -80.000000 0.000000 0.106263 1.030779 1.000000 0.847602 
206 0.648552 1.075123 -90.000000 0.000000 0.054219 1.011310 1.000000 0.842566 
101 0.668552 0.975123 -90.000000 0.000000 0.045627 0.990855 0.980000 0.836717 
206 0.708551 1.095123 -100.000000 0.000000 0.095938 0.952766 1.000000 0.817986 
104 0.684240 0.957250 -100.000000 0.000000 0.239184 0.976175 1.200000 0.848321 
200 0.701605 1.055731 -100.000000 0.000000 0.137536 0.957427 1.000000 0.841678 
101 0.703936 0.953778 -100.000000 0.000000 0.244136 0.956757 0.980000 0.851306 
200 0.721300 1.052258 -100.000000 0.000000 0.140460 0.937620 1.000000 0.846560 
106 0.739854 0.927136 -90.000000 0.000000 0.101101 0.923236 1.000000 0.845449 
200 0.739854 1.027136 -90.000000 0.000000 0.007423 0.918548 1.000000 0.851570 
104 0.739853 0.887136 -90.000000 0.000000 0.143992 0.928128 1.200000 0.871321 
