


*********************************************
Candiate FootPrints are are:
*********************************************

|   x   |   y   | theta |  distance | alfa1  |  alfa2  |
0 0.100000 0.000000 0.000000 0.100000 0.000000 0.000000 1.000000 
1 0.100000 0.020000 0.000000 0.101980 0.197396 11.309900 0.980000 
2 0.100000 0.040000 0.000000 0.107703 0.380506 21.801399 0.970000 
3 0.100000 0.060000 0.000000 0.116619 0.540420 30.963800 0.950000 
4 0.140000 0.000000 0.000000 0.140000 0.000000 0.000000 1.200000 
5 0.120000 0.040000 0.000000 0.126491 0.321751 13.434900 1.200000 
6 0.120000 0.040000 10.000000 0.126491 0.321751 13.434900 1.000000 
7 0.120000 0.040000 -10.000000 0.126491 0.321751 13.434900 1.000000 
8 0.120000 0.040000 -20.000000 0.126491 0.321751 13.434900 1.000000 
9 0.120000 0.040000 -30.000000 0.126491 0.321751 13.434900 1.000000 
